0.000000
2773.200000
1756.400000
1201.200000
8038.800000
3998.000000
14635.800000
10366.300000
1167.200000
17615.700000
623.000000
28781.500000
38230.800000
20286.500000
32226.600000
42636.000000
8761.600000
22695.000000
11786.400000
61584.700000
32874.000000
46911.900000
29713.200000
48125.200000
40615.200000
23052.500000
6905.600000
2384.100000
70602.000000
43430.400000
17865.000000
55623.300000
65497.600000
106679.100000
30226.000000
40785.500000
75034.800000
78465.900000
24711.400000
110498.700000
24232.000000
125111.500000
11075.400000
61997.400000
75442.400000
79249.500000
143855.800000
10880.500000
139008.000000
107417.800000
1310.000000
50337.000000
137857.200000
116260.800000
141069.600000
36855.500000
65744.000000
5141.400000
67703.400000
130844.300000
68268.000000
56510.400000
123125.800000
172613.700000
58208.000000
183657.500000
209484.000000
176933.600000
24908.400000
86167.200000
135786.000000
154474.700000
129823.200000
104236.700000
22562.600000
206302.500000
240676.800000
106999.200000
57314.400000
190950.900000
172072.000000
111771.900000
99449.600000
238019.100000
153938.400000
179163.000000
79077.000000
87121.800000
30122.400000
154922.300000
279108.000000
184247.700000
103159.600000
299785.500000
7238.000000
89604.000000
4214.400000
245555.500000
228859.400000
215631.900000
